91, 0.262932699308, [[  2.30435311e-04   1.96271529e-03   3.34417069e-04   6.69526198e-05
    4.82240896e-04   1.48730731e-04   2.11104355e-03  -7.04860780e-03]], 5.88403e-05
80, 0.257671734817, [[  2.16597924e-04   1.81909790e-03   3.11786658e-04   6.23479427e-05
    4.90461593e-04   1.16837313e-04   1.97994080e-03  -6.61155954e-03]], 5.51948e-05
87, 0.254153715908, [[  2.29596248e-04   1.94109022e-03   3.32560012e-04   6.65706903e-05
    4.84986900e-04   1.19416000e-04   2.10293569e-03  -7.02305324e-03]], 5.86308e-05
95, 0.255394857211, [[  2.42661088e-04   2.05220189e-03   3.53225594e-04   7.07192812e-05
    4.46230988e-04   1.53604953e-04   2.22758786e-03  -7.43783498e-03]], 6.20955e-05
92, 0.250405127598, [[  2.39673944e-04   2.01440370e-03   3.45512701e-04   6.89629378e-05
    4.46108257e-04   1.34775590e-04   2.18832889e-03  -7.30749685e-03]], 6.1005e-05
97, 0.261847182939, [[  2.46692100e-04   2.07484397e-03   3.56976641e-04   7.14728958e-05
    4.49736894e-04   1.30276487e-04   2.25704722e-03  -7.53660826e-03]], 6.29245e-05
96, 0.263652198779, [[  2.44797789e-04   2.05811090e-03   3.53376818e-04   7.06297433e-05
    4.66853089e-04   1.25832783e-04   2.23332993e-03  -7.45585514e-03]], 6.22395e-05
85, 0.259668162194, [[  2.26505799e-04   1.89645367e-03   3.25824280e-04   6.51857772e-05
    4.91650833e-04   1.20847733e-04   2.06490653e-03  -6.89659640e-03]], 5.75811e-05
92, 0.260555068633, [[  2.36118853e-04   2.00122455e-03   3.42237996e-04   6.85496270e-05
    4.64312674e-04   1.24350801e-04   2.16659973e-03  -7.23349769e-03]], 6.03842e-05
97, 0.254019739643, [[  2.44487252e-04   2.06255610e-03   3.53356503e-04   7.07470026e-05
    4.48635983e-04   1.28537649e-04   2.23453436e-03  -7.46174483e-03]], 6.22912e-05
85, 0.260510673313, [[  2.25210519e-04   1.90136395e-03   3.25483503e-04   6.51787195e-05
    4.72513319e-04   1.20141667e-04   2.05879542e-03  -6.87734829e-03]], 5.74196e-05
88, 0.257929490675, [[  2.29953614e-04   1.94224517e-03   3.33859702e-04   6.68353241e-05
    4.72951564e-04   1.44357138e-04   2.10834364e-03  -7.03861099e-03]], 5.87593e-05
87, 0.257413961468, [[  2.29263052e-04   1.93696783e-03   3.32639873e-04   6.65710977e-05
    4.74883011e-04   1.23083999e-04   2.09945044e-03  -7.00820144e-03]], 5.84989e-05
91, 0.248233088878, [[  2.34354666e-04   1.98280625e-03   3.40036815e-04   6.81433303e-05
    4.42737364e-04   1.47680417e-04   2.15003942e-03  -7.17729749e-03]], 5.99125e-05
86, 0.263483606773, [[  2.25924930e-04   1.91125472e-03   3.27926624e-04   6.56649499e-05
    4.78668080e-04   1.21643214e-04   2.07460043e-03  -6.92779711e-03]], 5.78397e-05
96, 0.249998736971, [[  2.45173724e-04   2.06405786e-03   3.55896424e-04   7.12385736e-05
    4.33992653e-04   1.31130029e-04   2.24126549e-03  -7.48592243e-03]], 6.25035e-05
92, 0.257831899697, [[  2.36003820e-04   1.99437840e-03   3.42214800e-04   6.85266859e-05
    4.62120603e-04   1.27553882e-04   2.16275803e-03  -7.22066360e-03]], 6.02778e-05
88, 0.254482159811, [[  2.30506252e-04   1.93832978e-03   3.34137643e-04   6.68265493e-05
    4.77955356e-04   1.42784513e-04   2.10529845e-03  -7.02827284e-03]], 5.8669e-05
88, 0.247008202635, [[  2.31332684e-04   1.94723497e-03   3.35077784e-04   6.70665977e-05
    4.60936484e-04   1.24301136e-04   2.11433577e-03  -7.05944467e-03]], 5.89329e-05
96, 0.250314404263, [[  2.43793882e-04   2.05572299e-03   3.54321848e-04   7.08438674e-05
    4.42451215e-04   1.34299436e-04   2.22929241e-03  -7.44320173e-03]], 6.21392e-05
84, 0.252368488516, [[  2.22831703e-04   1.88355986e-03   3.22342006e-04   6.44253232e-05
    4.92919062e-04   1.20235578e-04   2.04308005e-03  -6.82314718e-03]], 5.69643e-05
95, 0.257207148075, [[  2.43261311e-04   2.05088197e-03   3.51436815e-04   7.03471087e-05
    4.55123227e-04   1.55203947e-04   2.22680462e-03  -7.43433507e-03]], 6.20666e-05
100, 0.251939398857, [[  2.50796234e-04   2.11412762e-03   3.64018546e-04   7.28424857e-05
    4.51171421e-04   1.30269706e-04   2.29802541e-03  -7.67175434e-03]], 6.40409e-05
88, 0.261412624166, [[  2.29892365e-04   1.93710264e-03   3.34197015e-04   6.69289584e-05
    4.88694233e-04   1.29878303e-04   2.10897811e-03  -7.04265805e-03]], 5.87991e-05
90, 0.253752547288, [[  2.34649196e-04   1.97522622e-03   3.38629150e-04   6.76751079e-05
    4.67857579e-04   1.24657527e-04   2.14747014e-03  -7.17015471e-03]], 5.98589e-05
94, 0.244110555501, [[  2.40136025e-04   2.03392073e-03   3.48208036e-04   6.98399890e-05
    4.49456566e-04   1.29709966e-04   2.20773718e-03  -7.37144193e-03]], 6.1541e-05
99, 0.264185280605, [[  2.46393553e-04   2.08699750e-03   3.57900542e-04   7.16743380e-05
    4.66068159e-04   1.30853950e-04   2.25647050e-03  -7.53477076e-03]], 6.29034e-05
89, 0.246555027353, [[  2.33013358e-04   1.96810230e-03   3.39259859e-04   6.80222583e-05
    4.66422498e-04   1.24807746e-04   2.13984842e-03  -7.14644371e-03]], 5.96689e-05
90, 0.24869684489, [[  2.34672858e-04   1.97742553e-03   3.38999322e-04   6.79012082e-05
    4.73033579e-04   1.27989653e-04   2.14688899e-03  -7.16775656e-03]], 5.98351e-05
86, 0.261421610077, [[  2.22985967e-04   1.88680633e-03   3.22805106e-04   6.45798427e-05
    4.90034116e-04   1.15619070e-04   2.03753496e-03  -6.80077728e-03]], 5.67652e-05
95, 0.256886009898, [[  2.42261071e-04   2.04300368e-03   3.51383671e-04   7.03711121e-05
    4.57210757e-04   1.26851446e-04   2.21938267e-03  -7.40884617e-03]], 6.18519e-05
89, 0.261411273611, [[  2.31823040e-04   1.95608661e-03   3.34960903e-04   6.70604422e-05
    4.70231724e-04   1.27847830e-04   2.12347694e-03  -7.09047448e-03]], 5.9191e-05
102, 0.263209856848, [[  2.53749662e-04   2.14172620e-03   3.67974862e-04   7.36243092e-05
    4.50399035e-04   1.40263364e-04   2.32023117e-03  -7.74931209e-03]], 6.4702e-05
100, 0.245552931343, [[  2.51254183e-04   2.12338730e-03   3.65205196e-04   7.30828542e-05
    4.38379415e-04   1.30867309e-04   2.30686134e-03  -7.70250708e-03]], 6.43046e-05
88, 0.259173279589, [[  2.31125727e-04   1.95087981e-03   3.35287710e-04   6.71299058e-05
    4.80677205e-04   1.22873986e-04   2.11809203e-03  -7.06968550e-03]], 5.90131e-05
91, 0.262289194124, [[  2.36110878e-04   1.99424406e-03   3.41199804e-04   6.83189137e-05
    4.70806495e-04   1.24917351e-04   2.16152309e-03  -7.21708126e-03]], 6.02481e-05
89, 0.265098628371, [[  2.32864666e-04   1.96464686e-03   3.37251608e-04   6.74623589e-05
    4.82750329e-04   1.26925486e-04   2.13103439e-03  -7.11412495e-03]], 5.93881e-05
97, 0.259401740128, [[  2.45334464e-04   2.06077006e-03   3.55625933e-04   7.10894456e-05
    4.48528212e-04   1.28522137e-04   2.24208646e-03  -7.48643186e-03]], 6.2498e-05
93, 0.255684844647, [[  2.40692592e-04   2.01492989e-03   3.46686313e-04   6.92912654e-05
    4.65401914e-04   1.28405576e-04   2.19242880e-03  -7.32206926e-03]], 6.11306e-05
89, 0.259007180305, [[  2.29285593e-04   1.94513204e-03   3.33144591e-04   6.67023705e-05
    4.80019778e-04   1.22246609e-04   2.10283487e-03  -7.02027138e-03]], 5.86034e-05
80, 0.25291154317, [[  2.16875167e-04   1.82235090e-03   3.13325989e-04   6.27389745e-05
    4.74546367e-04   1.16229246e-04   1.98524329e-03  -6.62940508e-03]], 5.53465e-05
97, 0.241495195929, [[  2.48126133e-04   2.07885285e-03   3.58253572e-04   7.14600392e-05
    4.31506749e-04   1.30929824e-04   2.26440537e-03  -7.56012881e-03]], 6.3115e-05
87, 0.255933878946, [[  2.28032513e-04   1.93157524e-03   3.29943869e-04   6.61984450e-05
    4.76232410e-04   1.27302817e-04   2.09671701e-03  -7.00014643e-03]], 5.84376e-05
102, 0.253730482926, [[  2.52460828e-04   2.13210634e-03   3.66377586e-04   7.32582484e-05
    4.25721868e-04   1.57113391e-04   2.31274078e-03  -7.72160199e-03]], 6.44648e-05
95, 0.250509299234, [[  2.42192138e-04   2.04480416e-03   3.50252812e-04   7.01180179e-05
    4.48645296e-04   1.29050080e-04   2.21948978e-03  -7.41071906e-03]], 6.18653e-05
88, 0.265100319895, [[  2.30618301e-04   1.94467453e-03   3.33242904e-04   6.67182103e-05
    4.60758863e-04   1.30352229e-04   2.10848637e-03  -7.03912415e-03]], 5.87572e-05
81, 0.250695955424, [[  2.18024579e-04   1.83681084e-03   3.16709542e-04   6.34024254e-05
    5.02648123e-04   1.16811032e-04   1.99904782e-03  -6.67327782e-03]], 5.57073e-05
86, 0.269281677177, [[  2.25921147e-04   1.90935493e-03   3.28067981e-04   6.57150886e-05
    4.82247880e-04   1.19692886e-04   2.07506772e-03  -6.92740642e-03]], 5.78294e-05
82, 0.25275013755, [[  2.20553717e-04   1.86215597e-03   3.18843347e-04   6.38911224e-05
    5.02370996e-04   1.17201642e-04   2.02227058e-03  -6.75223349e-03]], 5.63734e-05
92, 0.250590922886, [[  2.37970482e-04   2.01206258e-03   3.45634762e-04   6.92473113e-05
    4.42393299e-04   1.25829960e-04   2.18177540e-03  -7.28462962e-03]], 6.08157e-05
90, 0.250443215447, [[  2.35148342e-04   1.98238040e-03   3.39294638e-04   6.78529832e-05
    4.60512034e-04   1.22267171e-04   2.15109764e-03  -7.18230428e-03]], 5.99574e-05
100, 0.264825516362, [[  2.50065321e-04   2.10234220e-03   3.61281360e-04   7.21813267e-05
    4.53552580e-04   1.29795138e-04   2.27871933e-03  -7.60933058e-03]], 6.35266e-05
94, 0.257429779394, [[  2.42453738e-04   2.03106063e-03   3.50713148e-04   7.00798264e-05
    4.73334483e-04   1.29323307e-04   2.21091416e-03  -7.38307368e-03]], 6.16363e-05
100, 0.254904411144, [[  2.45813106e-04   2.09479011e-03   3.56322271e-04   7.13933550e-05
    4.53880522e-04   1.27398031e-04   2.26170383e-03  -7.55135948e-03]], 6.30407e-05
90, 0.256665264559, [[  2.35704996e-04   1.99068524e-03   3.41723528e-04   6.84576153e-05
    4.65168356e-04   1.25969498e-04   2.16001668e-03  -7.21439673e-03]], 6.02366e-05
95, 0.245907424941, [[  2.40456269e-04   2.02949718e-03   3.48539150e-04   6.97189826e-05
    4.38577321e-04   1.27175415e-04   2.19965074e-03  -7.34312600e-03]], 6.12973e-05
85, 0.267456487327, [[  2.25413984e-04   1.90359098e-03   3.26344249e-04   6.54105752e-05
    4.90639475e-04   1.23594713e-04   2.06320733e-03  -6.89024432e-03]], 5.75217e-05
88, 0.258656590176, [[  2.31073049e-04   1.94815930e-03   3.35558347e-04   6.71032903e-05
    4.69020073e-04   1.21072189e-04   2.11656466e-03  -7.06691807e-03]], 5.8996e-05
91, 0.249222117044, [[  2.36447318e-04   1.98254222e-03   3.42426094e-04   6.84518018e-05
    4.49145620e-04   1.25183986e-04   2.15602643e-03  -7.20001198e-03]], 6.01096e-05
90, 0.264418585972, [[  2.33037441e-04   1.96406594e-03   3.38192243e-04   6.76423297e-05
    4.66282421e-04   1.24734099e-04   2.13130214e-03  -7.11554289e-03]], 5.94056e-05
98, 0.253689117052, [[  2.47464370e-04   2.08671624e-03   3.59055790e-04   7.18778028e-05
    4.40940872e-04   1.34951712e-04   2.26600212e-03  -7.56773865e-03]], 6.31865e-05
98, 0.260792569058, [[  2.47284421e-04   2.08322075e-03   3.58984398e-04   7.17729636e-05
    4.51967877e-04   1.30985194e-04   2.25859834e-03  -7.54028838e-03]], 6.29489e-05
90, 0.247022231096, [[  2.35311498e-04   1.97898457e-03   3.40467581e-04   6.80901649e-05
    4.37009294e-04   1.27157167e-04   2.14969483e-03  -7.17719505e-03]], 5.99151e-05
92, 0.248555810616, [[  2.38452936e-04   2.00614589e-03   3.45822395e-04   6.91554742e-05
    4.40355099e-04   1.27339357e-04   2.18549767e-03  -7.29528582e-03]], 6.08955e-05
95, 0.251163512696, [[  2.42155817e-04   2.04334036e-03   3.50741117e-04   7.02440739e-05
    4.51036380e-04   1.27847234e-04   2.21935078e-03  -7.41186691e-03]], 6.18828e-05
86, 0.258496603028, [[  2.24573072e-04   1.90961361e-03   3.27052257e-04   6.56151751e-05
    4.93601488e-04   1.16439158e-04   2.06662575e-03  -6.89906860e-03]], 5.75893e-05
106, 0.248267351891, [[  2.61870213e-04   2.19826214e-03   3.78292170e-04   7.56046065e-05
    4.16451192e-04   1.43070924e-04   2.38750898e-03  -7.97681324e-03]], 6.66068e-05
81, 0.257348004384, [[  2.17759487e-04   1.83778466e-03   3.15512909e-04   6.32323208e-05
    4.93669650e-04   1.14806469e-04   1.99554558e-03  -6.66391430e-03]], 5.56354e-05
96, 0.249446808251, [[  2.45125237e-04   2.06224434e-03   3.53878480e-04   7.08676162e-05
    4.43302124e-04   1.28454951e-04   2.24077213e-03  -7.48270005e-03]], 6.24699e-05
82, 0.248630056878, [[  2.20092174e-04   1.85876142e-03   3.17333703e-04   6.35727483e-05
    4.70126513e-04   1.15437666e-04   2.01684679e-03  -6.73487317e-03]], 5.62243e-05
93, 0.252994927636, [[  2.39232555e-04   2.02179281e-03   3.47194320e-04   6.95809940e-05
    4.59011848e-04   1.32256275e-04   2.19605211e-03  -7.33464258e-03]], 6.12416e-05
89, 0.254360946574, [[  2.32592007e-04   1.95082941e-03   3.35732213e-04   6.72080350e-05
    4.60165640e-04   1.27109568e-04   2.12444668e-03  -7.09383795e-03]], 5.92262e-05
93, 0.259462031395, [[  2.39339308e-04   2.01496365e-03   3.46579502e-04   6.93892798e-05
    4.58146795e-04   1.26731975e-04   2.18835031e-03  -7.30860792e-03]], 6.10205e-05
87, 0.265765134792, [[  2.28552264e-04   1.92591758e-03   3.30166600e-04   6.59931538e-05
    4.90648148e-04   1.44152858e-04   2.09079287e-03  -6.97940169e-03]], 5.82593e-05
89, 0.256260441267, [[  2.32155740e-04   1.95725891e-03   3.36833182e-04   6.74079711e-05
    4.71705076e-04   1.25254533e-04   2.12769816e-03  -7.10315397e-03]], 5.92956e-05
101, 0.254873177747, [[  2.48319906e-04   2.10444909e-03   3.60540056e-04   7.20696698e-05
    4.42801567e-04   1.27637715e-04   2.27202033e-03  -7.58463657e-03]], 6.33131e-05
86, 0.258960467522, [[  2.27075725e-04   1.91776245e-03   3.29581642e-04   6.60068908e-05
    4.77222493e-04   1.18414959e-04   2.08315486e-03  -6.95564644e-03]], 5.80664e-05
103, 0.248937224873, [[  2.54423358e-04   2.14846665e-03   3.68660607e-04   7.38414601e-05
    4.18299198e-04   1.33905909e-04   2.33246060e-03  -7.78798340e-03]], 6.50202e-05
82, 0.249824187122, [[  2.20119051e-04   1.85483787e-03   3.18869686e-04   6.38118509e-05
    4.66613943e-04   1.22449695e-04   2.01403652e-03  -6.72489451e-03]], 5.61396e-05
90, 0.259124959832, [[  2.34335137e-04   1.97754125e-03   3.39330698e-04   6.78659417e-05
    4.74043540e-04   1.29281281e-04   2.14178255e-03  -7.15172477e-03]], 5.97028e-05
93, 0.254476941913, [[  2.39192988e-04   2.01417017e-03   3.46852787e-04   6.95147828e-05
    4.70493047e-04   1.24044556e-04   2.19352171e-03  -7.32471840e-03]], 6.11552e-05
86, 0.253713747091, [[  2.28987585e-04   1.93825189e-03   3.30934767e-04   6.61942177e-05
    4.95127402e-04   1.20852746e-04   2.10005743e-03  -7.01047434e-03]], 5.85226e-05
87, 0.259893225341, [[  2.28928242e-04   1.92524702e-03   3.29347065e-04   6.59426369e-05
    4.84260090e-04   1.44032281e-04   2.09224271e-03  -6.98592747e-03]], 5.83181e-05
91, 0.255301496893, [[  2.34439707e-04   1.99070154e-03   3.39642516e-04   6.80287703e-05
    4.71832056e-04   1.22731770e-04   2.15751911e-03  -7.20262341e-03]], 6.01244e-05
95, 0.257075283895, [[  2.38827764e-04   2.02673231e-03   3.47872818e-04   6.96525822e-05
    4.43538505e-04   1.23578619e-04   2.19313218e-03  -7.32176937e-03]], 6.11221e-05
96, 0.259291466042, [[  2.45533156e-04   2.06429488e-03   3.55265016e-04   7.10561144e-05
    4.60324751e-04   1.28705869e-04   2.24454701e-03  -7.49613997e-03]], 6.25859e-05
101, 0.257081438124, [[  2.50312092e-04   2.11252389e-03   3.63476429e-04   7.27265287e-05
    4.15396644e-04   1.31630528e-04   2.29357881e-03  -7.65671022e-03]], 6.39162e-05
89, 0.248650575318, [[  2.33707004e-04   1.96960219e-03   3.36847646e-04   6.73770774e-05
    4.54892375e-04   1.26408544e-04   2.13734619e-03  -7.13922456e-03]], 5.96056e-05
80, 0.259177512511, [[  2.16197106e-04   1.82302413e-03   3.12245247e-04   6.24922395e-05
    4.93800617e-04   1.12186965e-04   1.97757594e-03  -6.60436368e-03]], 5.51356e-05
89, 0.257106036304, [[  2.32300052e-04   1.96071714e-03   3.37043370e-04   6.75631309e-05
    4.86312056e-04   1.21117810e-04   2.12620897e-03  -7.10121077e-03]], 5.929e-05
99, 0.266328948448, [[  2.49968056e-04   2.10723211e-03   3.60770762e-04   7.22038749e-05
    4.44969250e-04   1.30652625e-04   2.28934875e-03  -7.64468033e-03]], 6.38217e-05
101, 0.249793268125, [[  2.54181447e-04   2.13946938e-03   3.68363835e-04   7.37423834e-05
    4.40731150e-04   1.33193244e-04   2.32776487e-03  -7.77186360e-03]], 6.48841e-05
91, 0.258371844639, [[  2.32991253e-04   1.97814894e-03   3.36992875e-04   6.75070260e-05
    4.63041826e-04   1.25621140e-04   2.14340957e-03  -7.15598417e-03]], 5.9736e-05
90, 0.265323974872, [[  2.33944738e-04   1.97117985e-03   3.37929203e-04   6.76906129e-05
    4.73312743e-04   1.30447574e-04   2.13965960e-03  -7.14378851e-03]], 5.96372e-05
90, 0.251154497465, [[  2.34402309e-04   1.97355123e-03   3.39385384e-04   6.78996730e-05
    4.45343117e-04   1.25314938e-04   2.14452995e-03  -7.16082798e-03]], 5.97831e-05
84, 0.260909135225, [[  2.22386618e-04   1.87597692e-03   3.22409003e-04   6.45225082e-05
    4.90831793e-04   1.19552162e-04   2.03790748e-03  -6.80344505e-03]], 5.67942e-05
99, 0.271512934759, [[  2.45982257e-04   2.07642512e-03   3.55778378e-04   7.10762833e-05
    4.59756091e-04   1.52862864e-04   2.24701595e-03  -7.50127761e-03]], 6.2618e-05
86, 0.249202124353, [[  2.27271885e-04   1.92425493e-03   3.29627655e-04   6.61460217e-05
    4.58052236e-04   1.25441744e-04   2.08733673e-03  -6.97028404e-03]], 5.81921e-05
94, 0.252733024419, [[  2.40067631e-04   2.03719293e-03   3.48097790e-04   6.98179356e-05
    4.45322861e-04   1.28482832e-04   2.20785057e-03  -7.37232715e-03]], 6.1547e-05
92, 0.257261607791, [[  2.38290813e-04   2.00585788e-03   3.44700093e-04   6.89761218e-05
    4.65465506e-04   1.27746040e-04   2.17797374e-03  -7.27402279e-03]], 6.07311e-05
